       Ene   Feb   Mar   Abr   May   Jun   Jul   Ago   Sep   Oct   Nov   Dic
  1   11.0  11.0  13.0   8.0  17.0  15.0  13.0  14.0  14.0  10.0  10.0   7.0
  2   12.0  10.0  15.0  11.0  18.0  15.0  12.0  12.0  12.0   9.0  12.0   8.0
  3    6.0  12.0  15.0  11.0  17.0  14.0  12.0  13.0  14.0  12.0  12.0   7.0
  4    7.0  12.0  15.0  13.0  18.0  13.0  12.0  12.0  13.0  13.0  12.0   6.0
  5    9.0  12.0  13.0  15.0  19.0  13.0  12.0  13.0  12.0  13.0  12.0   6.0
  6   11.0  13.0  13.0  16.0  18.0  14.0  11.0  13.0  13.0  13.0  11.0   7.0
  7    8.0  13.0  14.0  16.0  19.0  16.0  13.0  13.0  12.0  12.0  10.0   7.0
  8    7.0  15.0  15.0  16.0  18.0  15.0  13.0  15.0  13.0  14.0  10.0   7.0
  9   10.0  15.0  16.0  13.0  19.0  16.0  12.0  13.0  14.0  10.0   9.0   7.0
 10   11.0  13.0  15.0  11.0  17.0  15.0  12.0  13.0  14.0  15.0  10.0   8.0
 11   13.0  14.0  13.0  13.0  17.0  14.0  12.0  12.0  13.0  13.0  11.0   9.0
 12   14.0  13.0  12.0  14.0  18.0  15.0  12.0  14.0  14.0  15.0  10.0   9.0
 13   10.0  12.0  13.0  13.0  14.0  16.0  12.0  13.0  14.0  14.0  10.0  10.0
 14    8.0  14.0  15.0  14.0  17.0  16.0  12.0  13.0  14.0  13.0  11.0  11.0
 15   10.0  12.0  13.0  13.0  19.0  14.0  15.0  11.0  12.0  13.0   9.0   7.0
 16   11.0  13.0  12.0  17.0  19.0  14.0  13.0  14.0  12.0  13.0  10.0   5.0
 17    9.0  11.0  12.0  18.0  20.0  13.0  13.0  12.0  14.0  13.0  11.0   5.0
 18   15.0  12.0  11.0  19.0  16.0  12.0  12.0  13.0  14.0  13.0  11.0   5.0
 19   10.0  13.0  12.0  19.0  16.0  13.0  12.0  13.0  15.0  11.0  10.0   4.0
 20    9.0  11.0  10.0  16.0  15.0  15.0  11.0  12.0  15.0   9.0   9.0   4.0
 21   10.0  12.0   9.0  13.0  15.0  14.0  13.0  13.0  14.0  12.0  12.0   4.0
 22    7.0  11.0  11.0  14.0  15.0  14.0  12.0  12.0  15.0  12.0  12.0   4.0
 23   10.0   7.0  10.0  14.0  16.0  14.0  13.0  13.0  14.0  12.0  12.0   4.0
 24   10.0  10.0  11.0  14.0  12.0  14.0  13.0  12.0  15.0  11.0  10.0   4.0
 25    8.0  12.0  13.0  16.0  14.0  15.0  13.0  12.0  14.0  12.0  10.0   6.0
 26   10.0  13.0  12.0  17.0  14.0  13.0  14.0  12.0  12.0  12.0  10.0   7.0
 27    8.0  13.0  10.0  17.0  14.0  11.0  14.0  13.0  12.0  12.0  10.0   9.0
 28    8.0  14.0  12.0  17.0  13.0  12.0  13.0  13.0  12.0  11.0   9.0   9.0
 29    7.0  ~~~~  11.0  16.0  12.0  14.0  15.0  13.0  12.0  11.0   6.0   8.0
 30   11.0  ~~~~   8.0  16.0  13.0  13.0  14.0  13.0   9.0  11.0   8.0   9.0
 31   10.0  ~~~~   7.0  ~~~~  15.0  ~~~~  13.0  15.0  ~~~~  11.0  ~~~~   8.0

Clave 09020 lat= 19.28 long= -99.25 Año 2003
       Ene   Feb   Mar   Abr   May   Jun   Jul   Ago   Sep   Oct   Nov   Dic
  1    4.5   8.5  15.5  NO_D  13.5  14.0  11.0  13.5  13.5  11.0  11.0   8.5
  2    5.5   8.5  10.5  NO_D  13.5  13.5  10.5  12.0  13.5   9.0  11.0   6.0
  3    4.0   8.5  15.5  NO_D  16.0  13.5  11.0   9.0  13.5   9.0  11.0   6.0
  4    5.0   5.5  15.5  NO_D  16.0  11.0  10.5  10.5  13.5  13.5  10.5   4.0
  5    6.0   8.5  13.5  NO_D  14.0  12.0  11.0  10.5  13.5  13.5   9.0   3.5
  6    4.5   7.0  13.5  NO_D  15.5  13.5  11.0  11.0  12.0  13.5   9.0   4.0
  7    5.5  13.5  15.5  NO_D  14.0  14.0  11.0  10.5  13.5  12.0   8.5   6.0
  8    6.0  15.5  17.0  NO_D  14.0  14.0  13.5  12.0  12.0  13.5  13.5   6.0
  9    8.5  18.5  13.5  NO_D  14.0  14.0   9.0  12.0  11.0  12.0  13.5   5.5
 10   10.5  13.5  14.0  NO_D  16.0  12.0  10.5  12.0  11.0  12.0  12.0   5.5
 11    9.0  10.5  13.5  NO_D  13.5  12.0   9.0  10.5  13.5  15.5  12.0   6.0
 12    5.5  10.5  11.0  NO_D  16.0  13.5  10.5  12.0  11.0  13.5   8.5   8.5
 13    9.0  13.5  11.0  NO_D  10.5  14.0  10.5  14.0  11.0  13.5   9.0   8.5
 14    2.5  13.5  10.5  NO_D  13.5  13.5  10.5  12.0  13.5  13.5  11.0   2.0
 15    2.5   8.5   9.0  10.5  13.5  12.0  14.0  12.0  13.5  12.0  11.0   2.0
 16    6.0   6.0   9.0  13.5  16.0  12.0  13.5  12.0  12.0  11.0  10.5   4.0
 17    6.0   6.0   6.0  15.5  13.5  13.5  13.5  11.0  13.5  12.0  10.5   3.5
 18    5.5   9.0   5.5  13.5  12.0  13.5  10.5  11.0  14.0  11.0   9.0   3.5
 19    5.5   9.0   7.0  14.0  12.0  13.5  10.5  13.5  12.0  11.0  10.5   2.0
 20    7.0   8.5   8.5  14.0  12.0  12.0  10.5  12.0  14.0  13.5  10.5   2.0
 21    8.5   5.5   8.5  12.0  13.5  13.5  10.5  11.0  13.5  10.5  11.0   2.0
 22    7.0   5.5   6.0  12.0  13.5  13.5  11.0  13.5  11.0  11.0  11.0   3.5
 23    7.0   6.0   7.0  12.0  16.0  12.0  11.0  11.0  14.0  12.0   9.0   3.0
 24    7.0   6.0   8.5  13.5  14.0  12.0  12.0  12.0  13.5  10.5   8.5   4.0
 25    5.5   8.5   9.0  12.0  12.0  10.5  11.0  11.0  13.5  10.5   8.5   4.5
 26    5.5  10.5   9.0  16.0  13.5  13.5  13.5  11.0  13.5  11.0   9.0   4.0
 27    8.5  10.5   8.5  14.0  11.0  12.0  12.0  12.0  12.0  10.5   9.0   3.5
 28    8.5   9.0   9.0  13.5  12.0  13.5  13.5  13.5  13.5  10.5  10.5   5.5
 29    8.5  ~~~~  10.5  13.5  13.5  13.5  12.0  10.5  12.0   9.0  10.5   5.0
 30    9.0  ~~~~   9.0  11.0  12.0  10.5  11.0  13.5   9.0   9.0   8.5   4.5
 31    9.0  ~~~~   6.0  ~~~~  13.5  ~~~~  14.0  14.0  ~~~~  10.5  ~~~~   5.0

Clave 09022 lat= 19.13 long= -99.18 Año 2003
       Ene   Feb   Mar   Abr   May   Jun   Jul   Ago   Sep   Oct   Nov   Dic
  1    8.0   8.0   8.0   7.0   9.0   8.0   7.0   7.0  14.0   8.0  10.0   7.0
  2    6.0   6.0  11.0   9.0  11.0  10.0  11.0   9.0  11.0  10.0  11.0   6.0
  3    8.0   8.0   9.0   8.0  10.0   7.0   6.0  11.0   8.0   6.0   8.0   9.0
  4   10.0  10.0   7.0  11.0   7.0   8.0   8.0   8.0   9.0   8.0   9.0   8.0
  5    9.0   9.0   6.0   6.0  10.0   7.0   6.0  10.0  11.0  10.0   6.0   7.0
  6   10.0  10.0  10.0  11.0  10.0   6.0   7.0   9.0  12.0   7.0   7.0   8.0
  7    7.0   7.0   9.0   7.0   8.0   9.0  10.0   7.0  10.0   6.0  10.0  11.0
  8    6.0   6.0  11.0   7.0  10.0  11.0   9.0   6.0   7.0   9.0   6.0   6.0
  9    8.0   8.0   8.0   9.0   9.0   7.0   7.0   8.0   9.0  11.0   8.0  10.0
 10    7.0   7.0   7.0  12.0  11.0  10.0   8.0   6.0   9.0  10.0  10.0  11.0
 11    7.0   7.0  10.0   8.0   6.0   6.0  10.0   8.0   8.0   6.0   7.0   7.0
 12    9.0   9.0   6.0  10.0   9.0   9.0   9.0  10.0  10.0   8.0   6.0   9.0
 13    8.0   8.0  11.0   9.0   7.0  10.0  12.0  11.0   7.0   9.0   9.0   9.0
 14    6.0   6.0   7.0   8.0  11.0   8.0   7.0  11.0   6.0  10.0   8.0   7.0
 15    9.0   9.0  10.0   9.0  10.0  11.0  11.0   7.0  10.0  11.0  11.0  10.0
 16   10.0  10.0   7.0   6.0  12.0   9.0   8.0   9.0  11.0   7.0   7.0   7.0
 17    7.0   7.0  10.0  10.0   8.0   6.0   8.0   9.0   9.0   9.0   9.0   8.0
 18    8.0   8.0   9.0   9.0  10.0  10.0  11.0  11.0   8.0   7.0   8.0   6.0
 19   11.0  11.0   7.0  11.0  11.0   9.0  11.0   6.0  10.0   6.0  12.0   9.0
 20    9.0   9.0   8.0  10.0  11.0   7.0   7.0  10.0   7.0  11.0   6.0   8.0
 21    6.0   6.0   6.0   6.0   7.0  11.0   6.0   7.0   8.0   8.0  11.0  10.0
 22    6.0   6.0  10.0   7.0   9.0  10.0   9.0   6.0  11.0  11.0   9.0   9.0
 23    8.0   8.0  10.0   7.0   7.0   7.0   6.0   8.0   9.0   8.0   7.0   6.0
 24    9.0   9.0  12.0   8.0   9.0   8.0   9.0   8.0   6.0  11.0   6.0   6.0
 25   10.0  10.0   7.0  10.0  12.0  11.0  10.0  11.0  10.0   9.0  10.0  10.0
 26    7.0   9.0   7.0   8.0   6.0   6.0   8.0  10.0   7.0   6.0  11.0   7.0
 27    7.0   8.0   8.0  12.0  10.0   9.0   7.0   7.0  10.0  10.0   8.0   8.0
 28   10.0  10.0  11.0   9.0   8.0  10.0  11.0   6.0   7.0   9.0   6.0  11.0
 29    8.0  ~~~~  11.0   7.0   7.0   9.0   7.0  10.0   6.0   7.0   7.0   8.0
 30    8.0  ~~~~   8.0   6.0  10.0   7.0   8.0  11.0   6.0   7.0   9.0  11.0
 31   10.0  ~~~~  10.0  ~~~~  11.0  ~~~~  11.0   7.0  ~~~~  11.0  ~~~~   8.0

Clave 09032 lat= 19.18 long= -99.02 Año 2003
       Ene   Feb   Mar   Abr   May   Jun   Jul   Ago   Sep   Oct   Nov   Dic
  1    8.0   8.5  12.0   9.0  16.0  NO_D  NO_D  NO_D  NO_D  NO_D  NO_D  NO_D
  2    8.0   9.5  12.5  11.0  17.0  NO_D  NO_D  NO_D  NO_D  NO_D  NO_D  NO_D
  3    5.0   9.5  15.0  12.0  17.0  NO_D  NO_D  NO_D  NO_D  NO_D  NO_D  NO_D
  4    6.0  10.5  12.0  15.0  18.0  NO_D  NO_D  NO_D  NO_D  NO_D  NO_D  NO_D
  5    7.0  10.5  12.0  15.0  15.0  NO_D  NO_D  NO_D  NO_D  NO_D  NO_D  NO_D
  6    7.0  10.5  13.0  15.0  17.0  NO_D  NO_D  NO_D  NO_D  NO_D  NO_D  NO_D
  7    6.0  11.0  13.5  15.0  17.0  NO_D  NO_D  NO_D  NO_D  NO_D  NO_D  NO_D
  8    5.0  12.0  13.5  14.0  16.0  NO_D  NO_D  NO_D  NO_D  NO_D  NO_D  NO_D
  9    7.5  11.0  14.0  10.0  17.0  NO_D  NO_D  NO_D  NO_D  NO_D  NO_D  NO_D
 10    9.5  10.5  13.0  10.0  16.0  NO_D  NO_D  NO_D  NO_D  NO_D  NO_D  NO_D
 11    9.0  10.0  14.0  12.0  15.0  NO_D  NO_D  NO_D  NO_D  NO_D  NO_D  NO_D
 12    9.5  10.0  13.0  12.5  13.0  NO_D  NO_D  NO_D  NO_D  NO_D  NO_D  NO_D
 13    7.0   7.5  13.5  11.0  12.5  NO_D  NO_D  NO_D  NO_D  NO_D  NO_D  NO_D
 14    5.0   7.0  12.5  11.0  13.0  NO_D  NO_D  NO_D  NO_D  NO_D  NO_D  NO_D
 15    4.0   7.0  11.0  12.0  15.0  NO_D  NO_D  NO_D  NO_D  NO_D  NO_D  NO_D
 16    5.5   6.5  12.0  14.5  14.0  NO_D  NO_D  NO_D  NO_D  NO_D  NO_D  NO_D
 17    4.4   6.0  11.0  15.0  13.5  NO_D  NO_D  NO_D  NO_D  NO_D  NO_D  NO_D
 18    7.0   7.5  10.5  16.0  14.0  NO_D  NO_D  NO_D  NO_D  NO_D  NO_D  NO_D
 19    4.0   5.0  13.0  16.0  15.0  NO_D  NO_D  NO_D  NO_D  NO_D  NO_D  NO_D
 20    5.0  10.0  13.0  16.0  13.0  NO_D  NO_D  NO_D  NO_D  NO_D  NO_D  NO_D
 21    8.0   9.0  10.0  16.0  14.0  NO_D  NO_D  NO_D  NO_D  NO_D  NO_D  NO_D
 22   11.0   8.0  11.0  13.0  12.0  NO_D  NO_D  NO_D  NO_D  NO_D  NO_D  NO_D
 23    9.0   8.5   9.0  16.0  12.0  NO_D  NO_D  NO_D  NO_D  NO_D  NO_D  NO_D
 24    5.0  10.0  11.0  15.5  11.0  NO_D  NO_D  NO_D  NO_D  NO_D  NO_D  NO_D
 25    6.5   9.5  12.0  16.0  12.0  NO_D  NO_D  NO_D  NO_D  NO_D  NO_D  NO_D
 26    7.5  10.0  14.0  16.5  11.0  NO_D  NO_D  NO_D  NO_D  NO_D  NO_D  NO_D
 27    7.0  11.0  14.0  16.0  11.0  NO_D  NO_D  NO_D  NO_D  NO_D  NO_D  NO_D
 28    6.0  12.0  12.0  17.0  11.0  NO_D  NO_D  NO_D  NO_D  NO_D  NO_D  NO_D
 29    9.0  ~~~~   6.0  16.0  11.0  NO_D  NO_D  NO_D  NO_D  NO_D  NO_D  NO_D
 30    7.0  ~~~~   6.5  13.0  13.0  NO_D  NO_D  NO_D  NO_D  NO_D  NO_D  NO_D
 31    8.0  ~~~~   5.5  ~~~~  14.0  ~~~~  NO_D  NO_D  ~~~~  NO_D  ~~~~  NO_D

Clave 09036 lat= 19.38 long= -99.13 Año 2003
       Ene   Feb   Mar   Abr   May   Jun   Jul   Ago   Sep   Oct   Nov   Dic
  1    7.0   9.0  10.0   7.0  16.0  16.0  15.0  15.0  16.0  11.0  13.0   8.0
  2   10.0   9.0  10.0  10.0  17.0  14.0  13.0  14.0  14.0  10.0  13.0   9.0
  3   11.0   9.5  12.5  11.0  15.0  14.5  15.0  16.0  14.0  12.0  11.0   7.0
  4    9.0  10.0   9.5  13.0  16.0  13.0  13.0  16.0  13.0  13.0  12.0   6.0
  5   10.0   9.0  11.0  15.0  16.0  13.5  14.0  17.0  14.0  14.0  11.0   6.0
  6   11.0   9.5  12.0  14.0  17.0  15.0  15.5  13.0  13.5  14.0   9.0   9.0
  7    9.0  10.0  12.5  13.0  16.0  16.5  14.0  16.0  13.0  13.5   9.0   8.0
  8    9.0   9.0  13.0  13.0  15.0  17.0  15.0  15.0  15.0  13.5  13.0   6.0
  9    7.0   9.5  14.0  11.0  17.0  14.0  13.5  17.0  14.0  14.0  11.0   7.0
 10    9.0  10.0  10.0  11.0  16.0  13.0  12.0  15.0  15.0  14.0  12.0   9.0
 11    9.0  11.0  12.0  11.5  15.0  15.0  13.0  16.0  14.5  15.0  13.0   9.0
 12   11.0  10.0  13.0  12.0  16.0  16.0  13.5  18.0  14.0  14.0  11.0   8.0
 13   10.0   9.0  11.0  12.0  16.5  15.0  14.0  16.0  14.5  14.0  12.0   8.0
 14    7.0  11.0  13.0  13.0  13.0  15.5  15.0  14.0  15.0  13.0  13.0   8.0
 15    5.0   9.0  11.0  13.0  15.0  14.0  13.5  13.0  15.0  13.0  10.0   4.0
 16    5.0   9.0   9.0  14.0  16.0  13.0  14.5  15.0  14.0  14.0  10.0   5.0
 17    6.0   8.0   9.0  16.0  16.5  13.5  13.0  16.0  14.0  14.0  11.0   8.0
 18    6.0   9.0  10.0  16.0  14.0  14.0  13.0  14.0  15.0  13.0  11.0   4.0
 19    7.0  10.0   9.0  15.5  18.0  13.0  12.5  15.0  15.0  13.0  12.0   3.0
 20    5.0   9.0  10.0  15.0  15.0  14.0  14.0  13.0  15.5  12.0   7.0   2.0
 21    5.0   9.0   8.0  10.0  14.0  14.5  13.5  14.0  13.5  10.0  10.0   4.0
 22   10.0   8.0   9.0  11.0  14.5  14.0  13.0  13.5  15.0  11.0   9.0   3.0
 23    8.0   7.5  11.0  11.0  14.0  15.0  13.0  13.0  15.0  13.0  10.0   4.0
 24    7.0   7.0  11.5  12.0  14.0  15.5  13.5  14.0  16.0  12.0  11.0   4.0
 25    8.0   8.0  12.0  13.0  15.0  13.0  14.0  15.0  14.0  12.0  10.0   3.0
 26    7.0  10.0  10.0  14.0  13.0  13.0  14.5  15.0  15.0  13.0  10.0   5.0
 27    9.0   9.0  11.0  13.0  14.0  14.0  14.0  14.0  15.0  12.0  11.0   7.0
 28    7.0  13.0  12.0  14.0  14.0  16.0  13.5  15.0  14.0  12.0  11.0   8.0
 29    8.0  ~~~~  13.0  14.5  13.0  15.0  14.0  14.0  14.0  11.0   7.0  10.0
 30    9.0  ~~~~   9.0  13.0  14.0  13.5  15.5  16.0  13.0  10.0   9.0  11.0
 31   10.0  ~~~~   9.0  ~~~~  15.0  ~~~~  NO_D  15.0  ~~~~  11.0  ~~~~   9.0

Clave 09043 lat= 19.47 long= -99.07 Año 2003
       Ene   Feb   Mar   Abr   May   Jun   Jul   Ago   Sep   Oct   Nov   Dic
  1    6.5   5.5   9.0   5.0  15.0  14.0  13.5  14.0  14.5  11.5  12.5   8.5
  2    8.0   6.5   9.0   9.0  16.0  15.0  12.5  12.5  14.0   9.5  12.5   6.5
  3    3.0   7.0   9.5   8.5  14.5  14.5  14.5  11.0  14.5  13.0  11.5   5.5
  4    4.0   8.5   9.0  13.0  14.0  14.0  12.5  11.5  13.5  12.5  11.5   4.0
  5    7.0   7.0   9.0  13.0  14.0  15.0  14.5  11.5  14.0  12.0  10.0   5.5
  6    7.5   8.0   9.5  11.5  12.0  14.5  13.0  13.0  13.5  15.0   6.5   9.5
  7    9.5   7.5   9.5  13.5  12.5  16.0  12.0  12.5  14.5  15.5   6.5   4.5
  8    5.5   5.5  10.5  14.0  15.5  15.0  16.5  12.0  14.5  15.5  14.0   4.0
  9    6.0   7.0   9.5  11.0  13.5  15.0  13.5  11.5  14.0  15.0  10.0   5.0
 10    8.5   7.5   9.5  10.0  14.0  16.0  13.0  12.5  15.0  16.0  11.0   8.5
 11    8.5   8.0  10.5  13.5  12.5  16.0  11.0  11.5  15.0  15.5  12.0   5.5
 12    9.0   7.5  11.5  11.5  14.0  15.5  11.5  12.5  17.0  15.5   8.5   6.5
 13   10.0  12.0   9.5  10.5  13.5  16.0  11.0  15.0  14.0  14.5   9.5   6.5
 14    7.5   9.0  11.5  12.5  14.0  15.0  12.0  14.5  15.0  15.0   9.5   6.5
 15    2.0   8.5  11.0  11.5  13.0  13.5  15.0  12.0  13.5  13.5   9.5   0.5
 16    2.5   5.5   8.0  14.0  12.5  14.0  13.0  14.5  12.5  13.5   9.0   3.0
 17    5.0   7.5   7.5  12.5  12.0  14.0  14.5  11.5  14.5  11.5   9.5   5.5
 18    4.0   6.5   8.5  14.5  14.0  13.5  12.0  13.0  15.0  13.0   9.0   0.5
 19    4.0   7.5   7.5  15.0  13.0  14.0  12.0  13.5  14.0  11.5  11.0   0.0
 20    3.5   8.0   6.5  13.0  13.0  15.5  12.0  12.5  14.5  11.0   4.5   0.5
 21    3.0   8.5   5.0  12.5  12.5  15.5  12.5  14.0  14.5  13.5   8.5   0.5
 22    4.0   4.0   4.5  13.5   9.0  15.0  13.0  14.0  14.0  12.5   6.5   1.0
 23    6.5   5.0   8.5  12.0   9.5  15.0  14.0  12.0  14.5  11.0   8.0   1.0
 24    4.5   4.5  11.0  12.0  13.0  15.5  13.0  14.0  15.5  11.0  10.0   1.5
 25    5.0   7.0  10.0  13.0  12.0  13.0  12.0  13.0  15.0  10.5   9.0   6.0
 26    6.5  10.0  15.0  12.5  12.5  13.5  14.5  13.0  14.0  12.0  10.0   3.5
 27    8.0   9.0   9.5  12.0  12.0  12.0  13.0  13.5  14.5  11.0  11.0   5.5
 28    4.5  10.5  10.0  13.0  11.5  14.0  13.0  14.0  14.0  13.0   9.0   5.5
 29    6.0  ~~~~   9.0  11.5  14.5  14.0  15.0  12.0  13.5  10.0   3.0   8.0
 30    7.0  ~~~~   8.5  12.0  13.0  14.0  14.0  15.5  11.0  11.0   6.5   7.5
 31    9.0  ~~~~   6.0  ~~~~  14.5  ~~~~  15.5  14.5  ~~~~   9.0  ~~~~   5.5

Clave 09051 lat= 19.02 long= -99.00 Año 2003
       Ene   Feb   Mar   Abr   May   Jun   Jul   Ago   Sep   Oct   Nov   Dic
  1   19.0  16.0  13.0  20.0  13.0  20.0  18.0  21.0  16.0  18.0  19.0  20.0
  2   16.0  15.0  14.0  18.0  14.0  21.0  17.0  22.0  18.0  17.0  20.0  21.0
  3   17.0  17.0  15.0  19.0  15.0  20.0  19.0  23.0  19.0  19.0  21.0  19.0
  4   18.0  18.0  15.0  17.0  15.0  19.0  17.0  22.0  19.0  19.0  20.0  20.0
  5   18.0  17.0  16.0  14.0  16.0  18.0  19.0  20.0  18.0  18.0  19.0  18.0
  6   19.0  16.5  16.0  17.0  16.0  20.0  21.0  24.0  20.0  17.0  18.0  15.0
  7   17.0  17.0  15.0  16.0  15.0  19.0  16.0  21.0  19.0  19.0  19.0  14.0
  8   16.0  16.0  17.0  14.0  17.0  17.0  17.0  19.0  17.0  19.0  20.0  18.0
  9   15.0  15.0  17.0  11.0  17.0  16.0  21.0  19.0  16.0  19.0  21.0  19.0
 10   15.0  17.0  19.0  10.0  19.0  15.0  19.0  20.0  18.0  18.0  21.0  17.0
 11   14.0  16.5  19.0  17.0  19.0  17.0  16.0  17.0  17.0  17.0  20.0  19.0
 12   14.0  17.0  17.0  11.0  17.0  17.0  19.0  18.0  16.0  17.0  18.0  16.0
 13   13.0  16.5  19.0  12.0  19.0  19.0  17.0  17.0  18.0  18.0  17.0  15.0
 14   14.0  19.0  18.0  13.0  18.0  15.0  19.0  17.0  19.0  19.0  17.0  17.0
 15   16.0  20.0  16.0  14.0  16.0  16.0  20.0  18.0  21.0  16.0  18.0  18.0
 16   15.0  21.0  16.0  16.0  16.0  16.0  21.0  14.0  19.0  17.0  19.0  16.0
 17   16.0  20.0  17.0  12.0  17.0  17.0  19.0  16.0  16.0  18.0  20.0  17.0
 18   16.0  19.0  19.0  14.0  19.0  19.0  18.0  17.0  19.0  17.0  20.0  16.0
 19   17.0  20.0  19.0  13.0  19.0  18.0  19.0  15.0  17.0  16.0  19.0  15.0
 20   18.0  21.0  20.0  12.0  20.0  19.0  17.0  17.0  16.0  19.0  21.0  17.0
 21   19.0  17.0  19.0  11.0  19.0  17.0  19.0  14.0  17.0  20.0  20.0  16.0
 22   19.0  16.0  18.0  14.0  18.0  15.0  19.0  17.0  18.0  20.0  17.0  18.0
 23   15.0  14.0  17.0  17.0  17.0  19.0  20.0  16.0  18.0  19.0  17.0  19.0
 24   15.0  13.0  15.0  16.0  15.0  18.0  20.0  19.0  19.0  19.0  19.0  19.0
 25   16.5  16.0  16.0  15.0  16.0  16.0  21.0  18.0  18.0  18.0  18.0  18.0
 26   17.0  14.0  17.0  16.0  17.0  17.0  18.0  17.0  17.0  16.0  20.0  17.0
 27   18.0  19.0  16.0  17.0  16.0  19.0  19.0  15.0  15.0  18.0  20.0  19.0
 28   16.0  14.0  17.0  18.0  17.0  20.5  18.0  16.0  16.0  20.0  21.0  18.0
 29   17.0  ~~~~  19.0  14.0  19.0  19.0  20.0  17.0  16.0  20.0  20.0  17.0
 30   19.0  ~~~~  20.0  13.0  20.0  NO_D  19.0  16.0  17.0  19.0  20.0  19.0
 31   18.0  ~~~~  18.0  ~~~~  18.0  ~~~~  21.0  15.0  ~~~~  18.0  ~~~~  20.0
============================================================================

